21000
21010
21020
21030
21038
21039
21040
21050
21060
21070
21079
21080
21090
21100
21110
21120
21130
21135
21137
21138
21139
21140
21147
21150
21160
21165
21170
21178
21179
21180
21185
21188
21190
21200
21210
21215
21216
21217
21218
21219
21220
21224
21225
21226
21229
21230
21239
21240
21250
21254
21255
21257
21258
21259
21260
21270
21279
21280
21285
21289
21290
21297
21298
21299
21300
21307
21309
21310
21320
21323
21324
21326
21327
21330
21337
21339
21340
21350
21353
21354
21355
21356
21360
21370
21376
21378
21379
21380
21383
21384
21385
21386
21387
21389
21390
21394
21395
21396
21397
21398
21399
21400
21410
21420
21430
21432
21433
21440
21442
21447
21448
21449
21450
21452
21453
21460
21462
21470
21472
21477
21478
21480
21482
21483
21484
21485
21490
21496
21500
21503
21505
21506
21507
21508
21510
21511
21514
21517
21519
21520
21530
21536
21550
21553
21570
21573
21600
21606
21607
21609
21610
21611
21613
21614
21615
21620
21627
21628
21700
21703
21704
21705
21706
21710
21713
21720
21722
21723
21725
21730
21731
21735
21738
21740
21742
21743
21800
21801
21802
21810
21813
21820
21821
21830
21831
21832
21833
21840
21841
21843
21850
21853
21854
21855
21900
21902
21904
21905
21910
21911
21912
21913
21920
21921
21925
21930
21950
21951
21960
21961
21963
21964
21965
21966
21970
21980
22000
22010
22014
22015
22020
22024
22025
22030
22034
22035
22040
22044
22045
22046
22050
22054
22055
22056
22100
22104
22105
22106
22110
22114
22115
22116
22117
22120
22123
22124
22125
22126
22127
22160
22163
22164
22165
22170
22180
22183
22185
22186
22190
22194
22195
22196
22200
22203
22204
22205
22206
22207
22210
22214
22215
22216
22217
22220
22223
22224
22225
22226
22230
22234
22235
22236
22237
22244
22245
22246
22250
22253
22254
22255
22260
22263
22330
22333
22334
22335
22400
22404
22405
22406
22410
22414
22415
22416
22420
22424
22425
22426
22427
22430
22434
22435
22436
22439
22440
22444
22446
22450
22454
22455
22456
22457
22460
22464
22465
22470
22473
22474
22476
22500
22504
22505
22506
22510
22515
22516
22517
22520
22523
22524
22525
22526
22530
22534
22535
22536
22537
22540
22544
22545
22550
22555
22557
22560
22564
22565
22566
22567
22600
22604
22605
22606
22607
22610
22614
22615
22616
22620
22624
22625
22626
22630
22634
22635
22636
22637
22640
22643
22644
22645
22646
22647
22650
22654
22660
22663
22664
22665
22666
22667
22700
22703
22704
22705
22706
22707
22710
22713
22715
22716
22717
22740
22744
22745
22746
22750
22753
22755
22756
22758
22760
22762
22765
22766
22767
22770
22771
22785
22790
22793
22794
22795
22796
22797
22798
22800
22810
22812
22813
22814
22818
22819
22820
22822
22823
22830
22835
22839
22840
22842
22847
22850
22852
22855
22859
22860
22863
22870
22873
22879
22880
22888
22889
22890
22895
22896
22897
22898
22900
22903
22904
22905
22906
22908
22909
22910
22914
22915
22920
22925
22930
22934
22937
22940
22943
22950
22951
22952
22955
22960
22964
22965
22967
22970
22973
22974
22980
22993
22994
22995
22997
