

<style>

</style>

<div id="fig_el579391404744893271367100846038"></div>
<script>
function mpld3_load_lib(url, callback){
  var s = document.createElement('script');
  s.src = url;
  s.async = true;
  s.onreadystatechange = s.onload = callback;
  s.onerror = function(){console.warn("failed to load library " + url);};
  document.getElementsByTagName("head")[0].appendChild(s);
}

if(typeof(mpld3) !== "undefined" && mpld3._mpld3IsLoaded){
   // already loaded: just create the figure
   !function(mpld3){
       
       mpld3.draw_figure("fig_el579391404744893271367100846038", {"width": 640.0, "height": 480.0, "axes": [{"bbox": [0.125, 0.10999999999999999, 0.775, 0.77], "xlim": [0.0, 366.0], "ylim": [-0.25, 5.25], "xdomain": [0.0, 366.0], "ydomain": [-0.25, 5.25], "xscale": "linear", "yscale": "linear", "axes": [{"position": "bottom", "nticks": 9, "tickvalues": null, "tickformat_formatter": "", "tickformat": null, "scale": "linear", "fontsize": 10.0, "grid": {"gridOn": true, "color": "#B0B0B0", "dasharray": "none", "alpha": 1.0}, "visible": true}, {"position": "left", "nticks": 8, "tickvalues": null, "tickformat_formatter": "", "tickformat": null, "scale": "linear", "fontsize": 10.0, "grid": {"gridOn": true, "color": "#B0B0B0", "dasharray": "none", "alpha": 1.0}, "visible": true}], "axesbg": "#FFFFFF", "axesbgalpha": null, "zoomable": true, "id": "el57939140474489037008", "lines": [{"data": "data01", "xindex": 0, "yindex": 1, "coordinates": "data", "id": "el57939140474490170336", "color": "#1F77B4", "linewidth": 1.5, "dasharray": "none", "alpha": 1, "zorder": 2, "drawstyle": "default"}], "paths": [], "markers": [], "texts": [{"text": "Days", "position": [0.5, -0.07921476671476674], "coordinates": "axes", "h_anchor": "middle", "v_baseline": "hanging", "rotation": -0.0, "fontsize": 10.0, "color": "#000000", "alpha": 1, "zorder": 3, "id": "el57939140474489039264"}, {"text": "Number of Diseased Patients", "position": [-0.04869511648745521, 0.5], "coordinates": "axes", "h_anchor": "middle", "v_baseline": "auto", "rotation": -90.0, "fontsize": 10.0, "color": "#000000", "alpha": 1, "zorder": 3, "id": "el57939140474489040176"}, {"text": "Diseased Patients Over Time", "position": [0.5, 1.0225468975468974], "coordinates": "axes", "h_anchor": "middle", "v_baseline": "auto", "rotation": -0.0, "fontsize": 12.0, "color": "#000000", "alpha": 1, "zorder": 3, "id": "el57939140474490086352"}], "collections": [], "images": [], "sharex": [], "sharey": []}], "data": {"data01": [[1.0, 0.0], [2.0, 1.0], [3.0, 1.0], [4.0, 4.0], [5.0, 0.0], [6.0, 1.0], [7.0, 1.0], [8.0, 2.0], [9.0, 1.0], [10.0, 1.0], [11.0, 1.0], [12.0, 5.0], [13.0, 3.0], [14.0, 1.0], [15.0, 0.0], [16.0, 0.0], [17.0, 2.0], [18.0, 0.0], [19.0, 1.0], [20.0, 0.0], [21.0, 1.0], [22.0, 1.0], [23.0, 0.0], [24.0, 1.0], [25.0, 0.0], [26.0, 0.0], [27.0, 1.0], [28.0, 1.0], [29.0, 0.0], [30.0, 1.0], [31.0, 0.0], [32.0, 1.0], [33.0, 1.0], [34.0, 3.0], [35.0, 0.0], [36.0, 2.0], [37.0, 2.0], [38.0, 0.0], [39.0, 1.0], [40.0, 1.0], [41.0, 0.0], [42.0, 1.0], [43.0, 1.0], [44.0, 2.0], [45.0, 2.0], [46.0, 2.0], [47.0, 0.0], [48.0, 1.0], [49.0, 1.0], [50.0, 2.0], [51.0, 1.0], [52.0, 0.0], [53.0, 1.0], [54.0, 1.0], [55.0, 2.0], [56.0, 1.0], [57.0, 3.0], [58.0, 1.0], [59.0, 0.0], [60.0, 1.0], [61.0, 2.0], [62.0, 0.0], [63.0, 0.0], [64.0, 0.0], [65.0, 0.0], [66.0, 1.0], [67.0, 0.0], [68.0, 1.0], [69.0, 0.0], [70.0, 0.0], [71.0, 0.0], [72.0, 0.0], [73.0, 1.0], [74.0, 0.0], [75.0, 1.0], [76.0, 2.0], [77.0, 1.0], [78.0, 1.0], [79.0, 1.0], [80.0, 1.0], [81.0, 2.0], [82.0, 3.0], [83.0, 2.0], [84.0, 1.0], [85.0, 1.0], [86.0, 3.0], [87.0, 1.0], [88.0, 0.0], [89.0, 0.0], [90.0, 1.0], [91.0, 1.0], [92.0, 1.0], [93.0, 0.0], [94.0, 3.0], [95.0, 1.0], [96.0, 0.0], [97.0, 0.0], [98.0, 0.0], [99.0, 1.0], [100.0, 1.0], [101.0, 0.0], [102.0, 0.0], [103.0, 3.0], [104.0, 0.0], [105.0, 2.0], [106.0, 1.0], [107.0, 0.0], [108.0, 3.0], [109.0, 2.0], [110.0, 3.0], [111.0, 4.0], [112.0, 0.0], [113.0, 2.0], [114.0, 1.0], [115.0, 2.0], [116.0, 0.0], [117.0, 3.0], [118.0, 2.0], [119.0, 1.0], [120.0, 1.0], [121.0, 1.0], [122.0, 0.0], [123.0, 3.0], [124.0, 0.0], [125.0, 0.0], [126.0, 1.0], [127.0, 0.0], [128.0, 1.0], [129.0, 2.0], [130.0, 0.0], [131.0, 0.0], [132.0, 0.0], [133.0, 2.0], [134.0, 0.0], [135.0, 2.0], [136.0, 2.0], [137.0, 2.0], [138.0, 1.0], [139.0, 1.0], [140.0, 2.0], [141.0, 1.0], [142.0, 0.0], [143.0, 1.0], [144.0, 1.0], [145.0, 1.0], [146.0, 1.0], [147.0, 0.0], [148.0, 2.0], [149.0, 0.0], [150.0, 0.0], [151.0, 1.0], [152.0, 1.0], [153.0, 1.0], [154.0, 4.0], [155.0, 0.0], [156.0, 1.0], [157.0, 2.0], [158.0, 1.0], [159.0, 1.0], [160.0, 2.0], [161.0, 1.0], [162.0, 1.0], [163.0, 0.0], [164.0, 0.0], [165.0, 2.0], [166.0, 0.0], [167.0, 1.0], [168.0, 1.0], [169.0, 2.0], [170.0, 1.0], [171.0, 0.0], [172.0, 4.0], [173.0, 1.0], [174.0, 0.0], [175.0, 2.0], [176.0, 0.0], [177.0, 0.0], [178.0, 1.0], [179.0, 1.0], [180.0, 0.0], [181.0, 1.0], [182.0, 0.0], [183.0, 0.0], [184.0, 2.0], [185.0, 0.0], [186.0, 0.0], [187.0, 1.0], [188.0, 0.0], [189.0, 1.0], [190.0, 1.0], [191.0, 1.0], [192.0, 1.0], [193.0, 1.0], [194.0, 3.0], [195.0, 1.0], [196.0, 1.0], [197.0, 2.0], [198.0, 1.0], [199.0, 1.0], [200.0, 4.0], [201.0, 0.0], [202.0, 3.0], [203.0, 1.0], [204.0, 0.0], [205.0, 2.0], [206.0, 3.0], [207.0, 0.0], [208.0, 0.0], [209.0, 2.0], [210.0, 0.0], [211.0, 1.0], [212.0, 0.0], [213.0, 4.0], [214.0, 1.0], [215.0, 1.0], [216.0, 1.0], [217.0, 2.0], [218.0, 1.0], [219.0, 0.0], [220.0, 2.0], [221.0, 3.0], [222.0, 1.0], [223.0, 4.0], [224.0, 0.0], [225.0, 2.0], [226.0, 3.0], [227.0, 1.0], [228.0, 1.0], [229.0, 1.0], [230.0, 1.0], [231.0, 1.0], [232.0, 3.0], [233.0, 2.0], [234.0, 0.0], [235.0, 0.0], [236.0, 1.0], [237.0, 0.0], [238.0, 0.0], [239.0, 1.0], [240.0, 2.0], [241.0, 1.0], [242.0, 3.0], [243.0, 3.0], [244.0, 1.0], [245.0, 0.0], [246.0, 0.0], [247.0, 2.0], [248.0, 0.0], [249.0, 1.0], [250.0, 3.0], [251.0, 1.0], [252.0, 1.0], [253.0, 4.0], [254.0, 0.0], [255.0, 1.0], [256.0, 1.0], [257.0, 0.0], [258.0, 0.0], [259.0, 1.0], [260.0, 0.0], [261.0, 1.0], [262.0, 1.0], [263.0, 3.0], [264.0, 1.0], [265.0, 0.0], [266.0, 2.0], [267.0, 1.0], [268.0, 2.0], [269.0, 2.0], [270.0, 1.0], [271.0, 0.0], [272.0, 2.0], [273.0, 0.0], [274.0, 3.0], [275.0, 0.0], [276.0, 1.0], [277.0, 0.0], [278.0, 1.0], [279.0, 0.0], [280.0, 2.0], [281.0, 1.0], [282.0, 1.0], [283.0, 0.0], [284.0, 2.0], [285.0, 1.0], [286.0, 0.0], [287.0, 1.0], [288.0, 3.0], [289.0, 1.0], [290.0, 0.0], [291.0, 2.0], [292.0, 1.0], [293.0, 0.0], [294.0, 3.0], [295.0, 1.0], [296.0, 1.0], [297.0, 1.0], [298.0, 0.0], [299.0, 1.0], [300.0, 0.0], [301.0, 1.0], [302.0, 0.0], [303.0, 0.0], [304.0, 3.0], [305.0, 1.0], [306.0, 1.0], [307.0, 1.0], [308.0, 4.0], [309.0, 2.0], [310.0, 0.0], [311.0, 0.0], [312.0, 0.0], [313.0, 0.0], [314.0, 1.0], [315.0, 0.0], [316.0, 0.0], [317.0, 0.0], [318.0, 1.0], [319.0, 0.0], [320.0, 1.0], [321.0, 1.0], [322.0, 1.0], [323.0, 1.0], [324.0, 2.0], [325.0, 1.0], [326.0, 0.0], [327.0, 2.0], [328.0, 0.0], [329.0, 2.0], [330.0, 0.0], [331.0, 1.0], [332.0, 0.0], [333.0, 3.0], [334.0, 2.0], [335.0, 0.0], [336.0, 1.0], [337.0, 2.0], [338.0, 0.0], [339.0, 3.0], [340.0, 2.0], [341.0, 1.0], [342.0, 2.0], [343.0, 0.0], [344.0, 0.0], [345.0, 1.0], [346.0, 0.0], [347.0, 1.0], [348.0, 1.0], [349.0, 1.0], [350.0, 2.0], [351.0, 1.0], [352.0, 1.0], [353.0, 0.0], [354.0, 0.0], [355.0, 2.0], [356.0, 0.0], [357.0, 0.0], [358.0, 1.0], [359.0, 0.0], [360.0, 0.0], [361.0, 0.0], [362.0, 0.0], [363.0, 0.0], [364.0, 1.0], [365.0, 2.0]]}, "id": "el57939140474489327136", "plugins": [{"type": "reset"}, {"type": "zoom", "button": true, "enabled": false}, {"type": "boxzoom", "button": true, "enabled": false}]});
   }(mpld3);
}else if(typeof define === "function" && define.amd){
   // require.js is available: use it to load d3/mpld3
   require.config({paths: {d3: "https://d3js.org/d3.v5"}});
   require(["d3"], function(d3){
      window.d3 = d3;
      mpld3_load_lib("https://mpld3.github.io/js/mpld3.v0.5.10.js", function(){
         
         mpld3.draw_figure("fig_el579391404744893271367100846038", {"width": 640.0, "height": 480.0, "axes": [{"bbox": [0.125, 0.10999999999999999, 0.775, 0.77], "xlim": [0.0, 366.0], "ylim": [-0.25, 5.25], "xdomain": [0.0, 366.0], "ydomain": [-0.25, 5.25], "xscale": "linear", "yscale": "linear", "axes": [{"position": "bottom", "nticks": 9, "tickvalues": null, "tickformat_formatter": "", "tickformat": null, "scale": "linear", "fontsize": 10.0, "grid": {"gridOn": true, "color": "#B0B0B0", "dasharray": "none", "alpha": 1.0}, "visible": true}, {"position": "left", "nticks": 8, "tickvalues": null, "tickformat_formatter": "", "tickformat": null, "scale": "linear", "fontsize": 10.0, "grid": {"gridOn": true, "color": "#B0B0B0", "dasharray": "none", "alpha": 1.0}, "visible": true}], "axesbg": "#FFFFFF", "axesbgalpha": null, "zoomable": true, "id": "el57939140474489037008", "lines": [{"data": "data01", "xindex": 0, "yindex": 1, "coordinates": "data", "id": "el57939140474490170336", "color": "#1F77B4", "linewidth": 1.5, "dasharray": "none", "alpha": 1, "zorder": 2, "drawstyle": "default"}], "paths": [], "markers": [], "texts": [{"text": "Days", "position": [0.5, -0.07921476671476674], "coordinates": "axes", "h_anchor": "middle", "v_baseline": "hanging", "rotation": -0.0, "fontsize": 10.0, "color": "#000000", "alpha": 1, "zorder": 3, "id": "el57939140474489039264"}, {"text": "Number of Diseased Patients", "position": [-0.04869511648745521, 0.5], "coordinates": "axes", "h_anchor": "middle", "v_baseline": "auto", "rotation": -90.0, "fontsize": 10.0, "color": "#000000", "alpha": 1, "zorder": 3, "id": "el57939140474489040176"}, {"text": "Diseased Patients Over Time", "position": [0.5, 1.0225468975468974], "coordinates": "axes", "h_anchor": "middle", "v_baseline": "auto", "rotation": -0.0, "fontsize": 12.0, "color": "#000000", "alpha": 1, "zorder": 3, "id": "el57939140474490086352"}], "collections": [], "images": [], "sharex": [], "sharey": []}], "data": {"data01": [[1.0, 0.0], [2.0, 1.0], [3.0, 1.0], [4.0, 4.0], [5.0, 0.0], [6.0, 1.0], [7.0, 1.0], [8.0, 2.0], [9.0, 1.0], [10.0, 1.0], [11.0, 1.0], [12.0, 5.0], [13.0, 3.0], [14.0, 1.0], [15.0, 0.0], [16.0, 0.0], [17.0, 2.0], [18.0, 0.0], [19.0, 1.0], [20.0, 0.0], [21.0, 1.0], [22.0, 1.0], [23.0, 0.0], [24.0, 1.0], [25.0, 0.0], [26.0, 0.0], [27.0, 1.0], [28.0, 1.0], [29.0, 0.0], [30.0, 1.0], [31.0, 0.0], [32.0, 1.0], [33.0, 1.0], [34.0, 3.0], [35.0, 0.0], [36.0, 2.0], [37.0, 2.0], [38.0, 0.0], [39.0, 1.0], [40.0, 1.0], [41.0, 0.0], [42.0, 1.0], [43.0, 1.0], [44.0, 2.0], [45.0, 2.0], [46.0, 2.0], [47.0, 0.0], [48.0, 1.0], [49.0, 1.0], [50.0, 2.0], [51.0, 1.0], [52.0, 0.0], [53.0, 1.0], [54.0, 1.0], [55.0, 2.0], [56.0, 1.0], [57.0, 3.0], [58.0, 1.0], [59.0, 0.0], [60.0, 1.0], [61.0, 2.0], [62.0, 0.0], [63.0, 0.0], [64.0, 0.0], [65.0, 0.0], [66.0, 1.0], [67.0, 0.0], [68.0, 1.0], [69.0, 0.0], [70.0, 0.0], [71.0, 0.0], [72.0, 0.0], [73.0, 1.0], [74.0, 0.0], [75.0, 1.0], [76.0, 2.0], [77.0, 1.0], [78.0, 1.0], [79.0, 1.0], [80.0, 1.0], [81.0, 2.0], [82.0, 3.0], [83.0, 2.0], [84.0, 1.0], [85.0, 1.0], [86.0, 3.0], [87.0, 1.0], [88.0, 0.0], [89.0, 0.0], [90.0, 1.0], [91.0, 1.0], [92.0, 1.0], [93.0, 0.0], [94.0, 3.0], [95.0, 1.0], [96.0, 0.0], [97.0, 0.0], [98.0, 0.0], [99.0, 1.0], [100.0, 1.0], [101.0, 0.0], [102.0, 0.0], [103.0, 3.0], [104.0, 0.0], [105.0, 2.0], [106.0, 1.0], [107.0, 0.0], [108.0, 3.0], [109.0, 2.0], [110.0, 3.0], [111.0, 4.0], [112.0, 0.0], [113.0, 2.0], [114.0, 1.0], [115.0, 2.0], [116.0, 0.0], [117.0, 3.0], [118.0, 2.0], [119.0, 1.0], [120.0, 1.0], [121.0, 1.0], [122.0, 0.0], [123.0, 3.0], [124.0, 0.0], [125.0, 0.0], [126.0, 1.0], [127.0, 0.0], [128.0, 1.0], [129.0, 2.0], [130.0, 0.0], [131.0, 0.0], [132.0, 0.0], [133.0, 2.0], [134.0, 0.0], [135.0, 2.0], [136.0, 2.0], [137.0, 2.0], [138.0, 1.0], [139.0, 1.0], [140.0, 2.0], [141.0, 1.0], [142.0, 0.0], [143.0, 1.0], [144.0, 1.0], [145.0, 1.0], [146.0, 1.0], [147.0, 0.0], [148.0, 2.0], [149.0, 0.0], [150.0, 0.0], [151.0, 1.0], [152.0, 1.0], [153.0, 1.0], [154.0, 4.0], [155.0, 0.0], [156.0, 1.0], [157.0, 2.0], [158.0, 1.0], [159.0, 1.0], [160.0, 2.0], [161.0, 1.0], [162.0, 1.0], [163.0, 0.0], [164.0, 0.0], [165.0, 2.0], [166.0, 0.0], [167.0, 1.0], [168.0, 1.0], [169.0, 2.0], [170.0, 1.0], [171.0, 0.0], [172.0, 4.0], [173.0, 1.0], [174.0, 0.0], [175.0, 2.0], [176.0, 0.0], [177.0, 0.0], [178.0, 1.0], [179.0, 1.0], [180.0, 0.0], [181.0, 1.0], [182.0, 0.0], [183.0, 0.0], [184.0, 2.0], [185.0, 0.0], [186.0, 0.0], [187.0, 1.0], [188.0, 0.0], [189.0, 1.0], [190.0, 1.0], [191.0, 1.0], [192.0, 1.0], [193.0, 1.0], [194.0, 3.0], [195.0, 1.0], [196.0, 1.0], [197.0, 2.0], [198.0, 1.0], [199.0, 1.0], [200.0, 4.0], [201.0, 0.0], [202.0, 3.0], [203.0, 1.0], [204.0, 0.0], [205.0, 2.0], [206.0, 3.0], [207.0, 0.0], [208.0, 0.0], [209.0, 2.0], [210.0, 0.0], [211.0, 1.0], [212.0, 0.0], [213.0, 4.0], [214.0, 1.0], [215.0, 1.0], [216.0, 1.0], [217.0, 2.0], [218.0, 1.0], [219.0, 0.0], [220.0, 2.0], [221.0, 3.0], [222.0, 1.0], [223.0, 4.0], [224.0, 0.0], [225.0, 2.0], [226.0, 3.0], [227.0, 1.0], [228.0, 1.0], [229.0, 1.0], [230.0, 1.0], [231.0, 1.0], [232.0, 3.0], [233.0, 2.0], [234.0, 0.0], [235.0, 0.0], [236.0, 1.0], [237.0, 0.0], [238.0, 0.0], [239.0, 1.0], [240.0, 2.0], [241.0, 1.0], [242.0, 3.0], [243.0, 3.0], [244.0, 1.0], [245.0, 0.0], [246.0, 0.0], [247.0, 2.0], [248.0, 0.0], [249.0, 1.0], [250.0, 3.0], [251.0, 1.0], [252.0, 1.0], [253.0, 4.0], [254.0, 0.0], [255.0, 1.0], [256.0, 1.0], [257.0, 0.0], [258.0, 0.0], [259.0, 1.0], [260.0, 0.0], [261.0, 1.0], [262.0, 1.0], [263.0, 3.0], [264.0, 1.0], [265.0, 0.0], [266.0, 2.0], [267.0, 1.0], [268.0, 2.0], [269.0, 2.0], [270.0, 1.0], [271.0, 0.0], [272.0, 2.0], [273.0, 0.0], [274.0, 3.0], [275.0, 0.0], [276.0, 1.0], [277.0, 0.0], [278.0, 1.0], [279.0, 0.0], [280.0, 2.0], [281.0, 1.0], [282.0, 1.0], [283.0, 0.0], [284.0, 2.0], [285.0, 1.0], [286.0, 0.0], [287.0, 1.0], [288.0, 3.0], [289.0, 1.0], [290.0, 0.0], [291.0, 2.0], [292.0, 1.0], [293.0, 0.0], [294.0, 3.0], [295.0, 1.0], [296.0, 1.0], [297.0, 1.0], [298.0, 0.0], [299.0, 1.0], [300.0, 0.0], [301.0, 1.0], [302.0, 0.0], [303.0, 0.0], [304.0, 3.0], [305.0, 1.0], [306.0, 1.0], [307.0, 1.0], [308.0, 4.0], [309.0, 2.0], [310.0, 0.0], [311.0, 0.0], [312.0, 0.0], [313.0, 0.0], [314.0, 1.0], [315.0, 0.0], [316.0, 0.0], [317.0, 0.0], [318.0, 1.0], [319.0, 0.0], [320.0, 1.0], [321.0, 1.0], [322.0, 1.0], [323.0, 1.0], [324.0, 2.0], [325.0, 1.0], [326.0, 0.0], [327.0, 2.0], [328.0, 0.0], [329.0, 2.0], [330.0, 0.0], [331.0, 1.0], [332.0, 0.0], [333.0, 3.0], [334.0, 2.0], [335.0, 0.0], [336.0, 1.0], [337.0, 2.0], [338.0, 0.0], [339.0, 3.0], [340.0, 2.0], [341.0, 1.0], [342.0, 2.0], [343.0, 0.0], [344.0, 0.0], [345.0, 1.0], [346.0, 0.0], [347.0, 1.0], [348.0, 1.0], [349.0, 1.0], [350.0, 2.0], [351.0, 1.0], [352.0, 1.0], [353.0, 0.0], [354.0, 0.0], [355.0, 2.0], [356.0, 0.0], [357.0, 0.0], [358.0, 1.0], [359.0, 0.0], [360.0, 0.0], [361.0, 0.0], [362.0, 0.0], [363.0, 0.0], [364.0, 1.0], [365.0, 2.0]]}, "id": "el57939140474489327136", "plugins": [{"type": "reset"}, {"type": "zoom", "button": true, "enabled": false}, {"type": "boxzoom", "button": true, "enabled": false}]});
      });
    });
}else{
    // require.js not available: dynamically load d3 & mpld3
    mpld3_load_lib("https://d3js.org/d3.v5.js", function(){
         mpld3_load_lib("https://mpld3.github.io/js/mpld3.v0.5.10.js", function(){
                 
                 mpld3.draw_figure("fig_el579391404744893271367100846038", {"width": 640.0, "height": 480.0, "axes": [{"bbox": [0.125, 0.10999999999999999, 0.775, 0.77], "xlim": [0.0, 366.0], "ylim": [-0.25, 5.25], "xdomain": [0.0, 366.0], "ydomain": [-0.25, 5.25], "xscale": "linear", "yscale": "linear", "axes": [{"position": "bottom", "nticks": 9, "tickvalues": null, "tickformat_formatter": "", "tickformat": null, "scale": "linear", "fontsize": 10.0, "grid": {"gridOn": true, "color": "#B0B0B0", "dasharray": "none", "alpha": 1.0}, "visible": true}, {"position": "left", "nticks": 8, "tickvalues": null, "tickformat_formatter": "", "tickformat": null, "scale": "linear", "fontsize": 10.0, "grid": {"gridOn": true, "color": "#B0B0B0", "dasharray": "none", "alpha": 1.0}, "visible": true}], "axesbg": "#FFFFFF", "axesbgalpha": null, "zoomable": true, "id": "el57939140474489037008", "lines": [{"data": "data01", "xindex": 0, "yindex": 1, "coordinates": "data", "id": "el57939140474490170336", "color": "#1F77B4", "linewidth": 1.5, "dasharray": "none", "alpha": 1, "zorder": 2, "drawstyle": "default"}], "paths": [], "markers": [], "texts": [{"text": "Days", "position": [0.5, -0.07921476671476674], "coordinates": "axes", "h_anchor": "middle", "v_baseline": "hanging", "rotation": -0.0, "fontsize": 10.0, "color": "#000000", "alpha": 1, "zorder": 3, "id": "el57939140474489039264"}, {"text": "Number of Diseased Patients", "position": [-0.04869511648745521, 0.5], "coordinates": "axes", "h_anchor": "middle", "v_baseline": "auto", "rotation": -90.0, "fontsize": 10.0, "color": "#000000", "alpha": 1, "zorder": 3, "id": "el57939140474489040176"}, {"text": "Diseased Patients Over Time", "position": [0.5, 1.0225468975468974], "coordinates": "axes", "h_anchor": "middle", "v_baseline": "auto", "rotation": -0.0, "fontsize": 12.0, "color": "#000000", "alpha": 1, "zorder": 3, "id": "el57939140474490086352"}], "collections": [], "images": [], "sharex": [], "sharey": []}], "data": {"data01": [[1.0, 0.0], [2.0, 1.0], [3.0, 1.0], [4.0, 4.0], [5.0, 0.0], [6.0, 1.0], [7.0, 1.0], [8.0, 2.0], [9.0, 1.0], [10.0, 1.0], [11.0, 1.0], [12.0, 5.0], [13.0, 3.0], [14.0, 1.0], [15.0, 0.0], [16.0, 0.0], [17.0, 2.0], [18.0, 0.0], [19.0, 1.0], [20.0, 0.0], [21.0, 1.0], [22.0, 1.0], [23.0, 0.0], [24.0, 1.0], [25.0, 0.0], [26.0, 0.0], [27.0, 1.0], [28.0, 1.0], [29.0, 0.0], [30.0, 1.0], [31.0, 0.0], [32.0, 1.0], [33.0, 1.0], [34.0, 3.0], [35.0, 0.0], [36.0, 2.0], [37.0, 2.0], [38.0, 0.0], [39.0, 1.0], [40.0, 1.0], [41.0, 0.0], [42.0, 1.0], [43.0, 1.0], [44.0, 2.0], [45.0, 2.0], [46.0, 2.0], [47.0, 0.0], [48.0, 1.0], [49.0, 1.0], [50.0, 2.0], [51.0, 1.0], [52.0, 0.0], [53.0, 1.0], [54.0, 1.0], [55.0, 2.0], [56.0, 1.0], [57.0, 3.0], [58.0, 1.0], [59.0, 0.0], [60.0, 1.0], [61.0, 2.0], [62.0, 0.0], [63.0, 0.0], [64.0, 0.0], [65.0, 0.0], [66.0, 1.0], [67.0, 0.0], [68.0, 1.0], [69.0, 0.0], [70.0, 0.0], [71.0, 0.0], [72.0, 0.0], [73.0, 1.0], [74.0, 0.0], [75.0, 1.0], [76.0, 2.0], [77.0, 1.0], [78.0, 1.0], [79.0, 1.0], [80.0, 1.0], [81.0, 2.0], [82.0, 3.0], [83.0, 2.0], [84.0, 1.0], [85.0, 1.0], [86.0, 3.0], [87.0, 1.0], [88.0, 0.0], [89.0, 0.0], [90.0, 1.0], [91.0, 1.0], [92.0, 1.0], [93.0, 0.0], [94.0, 3.0], [95.0, 1.0], [96.0, 0.0], [97.0, 0.0], [98.0, 0.0], [99.0, 1.0], [100.0, 1.0], [101.0, 0.0], [102.0, 0.0], [103.0, 3.0], [104.0, 0.0], [105.0, 2.0], [106.0, 1.0], [107.0, 0.0], [108.0, 3.0], [109.0, 2.0], [110.0, 3.0], [111.0, 4.0], [112.0, 0.0], [113.0, 2.0], [114.0, 1.0], [115.0, 2.0], [116.0, 0.0], [117.0, 3.0], [118.0, 2.0], [119.0, 1.0], [120.0, 1.0], [121.0, 1.0], [122.0, 0.0], [123.0, 3.0], [124.0, 0.0], [125.0, 0.0], [126.0, 1.0], [127.0, 0.0], [128.0, 1.0], [129.0, 2.0], [130.0, 0.0], [131.0, 0.0], [132.0, 0.0], [133.0, 2.0], [134.0, 0.0], [135.0, 2.0], [136.0, 2.0], [137.0, 2.0], [138.0, 1.0], [139.0, 1.0], [140.0, 2.0], [141.0, 1.0], [142.0, 0.0], [143.0, 1.0], [144.0, 1.0], [145.0, 1.0], [146.0, 1.0], [147.0, 0.0], [148.0, 2.0], [149.0, 0.0], [150.0, 0.0], [151.0, 1.0], [152.0, 1.0], [153.0, 1.0], [154.0, 4.0], [155.0, 0.0], [156.0, 1.0], [157.0, 2.0], [158.0, 1.0], [159.0, 1.0], [160.0, 2.0], [161.0, 1.0], [162.0, 1.0], [163.0, 0.0], [164.0, 0.0], [165.0, 2.0], [166.0, 0.0], [167.0, 1.0], [168.0, 1.0], [169.0, 2.0], [170.0, 1.0], [171.0, 0.0], [172.0, 4.0], [173.0, 1.0], [174.0, 0.0], [175.0, 2.0], [176.0, 0.0], [177.0, 0.0], [178.0, 1.0], [179.0, 1.0], [180.0, 0.0], [181.0, 1.0], [182.0, 0.0], [183.0, 0.0], [184.0, 2.0], [185.0, 0.0], [186.0, 0.0], [187.0, 1.0], [188.0, 0.0], [189.0, 1.0], [190.0, 1.0], [191.0, 1.0], [192.0, 1.0], [193.0, 1.0], [194.0, 3.0], [195.0, 1.0], [196.0, 1.0], [197.0, 2.0], [198.0, 1.0], [199.0, 1.0], [200.0, 4.0], [201.0, 0.0], [202.0, 3.0], [203.0, 1.0], [204.0, 0.0], [205.0, 2.0], [206.0, 3.0], [207.0, 0.0], [208.0, 0.0], [209.0, 2.0], [210.0, 0.0], [211.0, 1.0], [212.0, 0.0], [213.0, 4.0], [214.0, 1.0], [215.0, 1.0], [216.0, 1.0], [217.0, 2.0], [218.0, 1.0], [219.0, 0.0], [220.0, 2.0], [221.0, 3.0], [222.0, 1.0], [223.0, 4.0], [224.0, 0.0], [225.0, 2.0], [226.0, 3.0], [227.0, 1.0], [228.0, 1.0], [229.0, 1.0], [230.0, 1.0], [231.0, 1.0], [232.0, 3.0], [233.0, 2.0], [234.0, 0.0], [235.0, 0.0], [236.0, 1.0], [237.0, 0.0], [238.0, 0.0], [239.0, 1.0], [240.0, 2.0], [241.0, 1.0], [242.0, 3.0], [243.0, 3.0], [244.0, 1.0], [245.0, 0.0], [246.0, 0.0], [247.0, 2.0], [248.0, 0.0], [249.0, 1.0], [250.0, 3.0], [251.0, 1.0], [252.0, 1.0], [253.0, 4.0], [254.0, 0.0], [255.0, 1.0], [256.0, 1.0], [257.0, 0.0], [258.0, 0.0], [259.0, 1.0], [260.0, 0.0], [261.0, 1.0], [262.0, 1.0], [263.0, 3.0], [264.0, 1.0], [265.0, 0.0], [266.0, 2.0], [267.0, 1.0], [268.0, 2.0], [269.0, 2.0], [270.0, 1.0], [271.0, 0.0], [272.0, 2.0], [273.0, 0.0], [274.0, 3.0], [275.0, 0.0], [276.0, 1.0], [277.0, 0.0], [278.0, 1.0], [279.0, 0.0], [280.0, 2.0], [281.0, 1.0], [282.0, 1.0], [283.0, 0.0], [284.0, 2.0], [285.0, 1.0], [286.0, 0.0], [287.0, 1.0], [288.0, 3.0], [289.0, 1.0], [290.0, 0.0], [291.0, 2.0], [292.0, 1.0], [293.0, 0.0], [294.0, 3.0], [295.0, 1.0], [296.0, 1.0], [297.0, 1.0], [298.0, 0.0], [299.0, 1.0], [300.0, 0.0], [301.0, 1.0], [302.0, 0.0], [303.0, 0.0], [304.0, 3.0], [305.0, 1.0], [306.0, 1.0], [307.0, 1.0], [308.0, 4.0], [309.0, 2.0], [310.0, 0.0], [311.0, 0.0], [312.0, 0.0], [313.0, 0.0], [314.0, 1.0], [315.0, 0.0], [316.0, 0.0], [317.0, 0.0], [318.0, 1.0], [319.0, 0.0], [320.0, 1.0], [321.0, 1.0], [322.0, 1.0], [323.0, 1.0], [324.0, 2.0], [325.0, 1.0], [326.0, 0.0], [327.0, 2.0], [328.0, 0.0], [329.0, 2.0], [330.0, 0.0], [331.0, 1.0], [332.0, 0.0], [333.0, 3.0], [334.0, 2.0], [335.0, 0.0], [336.0, 1.0], [337.0, 2.0], [338.0, 0.0], [339.0, 3.0], [340.0, 2.0], [341.0, 1.0], [342.0, 2.0], [343.0, 0.0], [344.0, 0.0], [345.0, 1.0], [346.0, 0.0], [347.0, 1.0], [348.0, 1.0], [349.0, 1.0], [350.0, 2.0], [351.0, 1.0], [352.0, 1.0], [353.0, 0.0], [354.0, 0.0], [355.0, 2.0], [356.0, 0.0], [357.0, 0.0], [358.0, 1.0], [359.0, 0.0], [360.0, 0.0], [361.0, 0.0], [362.0, 0.0], [363.0, 0.0], [364.0, 1.0], [365.0, 2.0]]}, "id": "el57939140474489327136", "plugins": [{"type": "reset"}, {"type": "zoom", "button": true, "enabled": false}, {"type": "boxzoom", "button": true, "enabled": false}]});
            })
         });
}
</script>